"primerid" "Pr(>Chisq)" "coef" "FDR"
"5-HT2A" 0.000191706664148782 -0.190295329416365 0.000575632577109844
"AANATL7" 7.37079746481489e-05 0.179007826432259 0.000241323777055018
"AGO1" 6.98583969600487e-08 -0.442882879098137 4.31049339484256e-07
"AMPdeam" 3.96908942888086e-06 -0.273012329133359 1.70777296116215e-05
"ASPP" 9.14682644403913e-05 -0.265538048339254 0.000291814945927726
"ATPsynC" 0.000896733082853272 0.181256439829573 0.00234739219590728
"ATPsynD" 3.47403944414891e-05 0.195449699160937 0.000121917071743101
"ATPsynF" 2.71320198321939e-05 0.21192017720148 9.91817896326067e-05
"Acbp2" 4.80915741941668e-07 0.322862324260675 2.51194594511857e-06
"Acp26Aa" 1.06185386929208e-05 0.364708453752354 4.14049269171877e-05
"Acp26Ab" 8.1396646580509e-06 0.369048647855794 3.27628796092873e-05
"Acp29AB" 9.29580958660606e-05 0.163641525432387 0.000294892490558153
"Acp33A" 2.38097323901236e-30 0.753152358699619 2.05679457493145e-28
"Acp36DE" 1.32344963203865e-13 0.588615971146143 1.85779242097425e-12
"Acp53C14a" 2.43809700725508e-17 0.576248202014928 5.82549561520736e-16
"Acp53C14b" 8.06130473832939e-16 0.409319353799329 1.56083538295584e-14
"Acp53Ea" 9.25561590059693e-18 0.696283907233561 2.36228560372053e-16
"Acp62F" 3.07640891397359e-08 0.369253331313394 2.02035509379669e-07
"Acp63F" 0.00232987238373015 0.231028064011289 0.00561469246122093
"Acp95EF" 9.23642539832686e-25 0.454568018882038 4.32187738430044e-23
"Acp98AB" 7.15334920797214e-06 0.409054919395412 2.92116769474644e-05
"Aps" 0.000570126135902102 -0.21791037136474 0.00153537566095458
"Ars2" 8.94797691848874e-06 -0.286294316063603 3.53823171812073e-05
"Atf6" 6.81246026135474e-05 -0.264821773457398 0.000223695698055596
"Awh" 1.29941587915046e-05 -0.26639497751913 4.98035505899648e-05
"BG642312" 1.10922938923407e-06 0.344729701048689 5.43958342406055e-06
"Bacc" 0.000378979051745466 0.210393808051534 0.0010639836877754
"Best2" 4.55999932568865e-24 -0.889289822815951 2.04835169709934e-22
"CAH16" 7.39413519769502e-05 -0.324673565245531 0.000241384122878241
"CG10019" 3.31290762129622e-08 -0.326806238095551 2.15051749058709e-07
"CG10077" 6.89561363183361e-35 -1.20902068920133 7.15887255467068e-33
"CG11037" 3.60766293830968e-06 0.384287089014477 1.57031220144255e-05
"CG11598" 2.51544154123215e-06 0.331962285799685 1.14366026348328e-05
"CG11980" 2.06759898881304e-05 -0.247389567504577 7.71399888517291e-05
"CG11999" 5.59982379733436e-07 0.263038694734038 2.88467987358096e-06
"CG12075" 0.0030643577864269 -0.191720243567963 0.00719931756099876
"CG12828" 1.79892267144947e-08 0.349487991682508 1.20969470660943e-07
"CG1316" 3.49988460552776e-09 -0.502056726533022 2.69203452877238e-08
"CG13364" 1.14281569572359e-05 0.177417249986125 4.42545526309513e-05
"CG14277" 0.000519901856573142 -0.223475753153323 0.0014068669516425
"CG15431" 5.42341490071349e-07 -0.367782081824735 2.80667969285772e-06
"CG15539" 0.00349012681887278 -0.226814501812366 0.00795012660769601
"CG15635" 0.00153184388426076 0.254379529278184 0.00383131555016666
"CG15641" 7.93760147153462e-24 0.758939042352782 3.30145424167903e-22
"CG15642" 0.00254284860826522 -0.176914910732774 0.00607578507889753
"CG1701" 0.00421918707951985 0.122893770748358 0.00945737942175806
"CG17472" 9.89349419257431e-09 0.442966271775166 7.12204742196215e-08
"CG17834" 4.47021662934507e-09 -0.372568933132831 3.41500222772416e-08
"CG17883" 0.000258951730262297 -0.166206121810279 0.000755331930089764
"CG2839" 0.00279502955145238 -0.24304664686656 0.00662197929595153
"CG2852" 2.57374362909537e-09 0.485750214128509 2.04986815281851e-08
"CG2918" 3.64431696062974e-11 0.412086572109688 3.65407852391714e-10
"CG30339" 0.0034244337989332 -0.148593727584207 0.00784824317592242
"CG31418" 1.32801865713941e-12 -0.627816079367626 1.69473289996314e-11
"CG31419" 4.86945117932702e-05 0.291667746041427 0.00016372436150851
"CG31496" 0.00156414976489017 0.169188751571512 0.00390342263549258
"CG31515" 0.00317338977559637 0.132986880176736 0.00739360314936664
"CG31680" 0.000466133037788595 0.253342332793132 0.00127055194523445
"CG31704" 0.000582370845193847 0.163041154511444 0.00156459918457581
"CG31712" 0.0044883754785264 -0.172006072496918 0.00998108051957456
"CG31872" 1.95916535152358e-07 0.467567693542201 1.06803043192281e-06
"CG32137" 6.58337606268167e-05 -0.25373537915303 0.000216807370040807
"CG32264" 0.000718507693343432 -0.187982998193524 0.00191204772422909
"CG32369" 9.99365674182258e-05 -0.240810816325979 0.000314366289105511
"CG32486" 4.99740979150085e-05 -0.293857654093528 0.000167525110324043
"CG32683" 0.00331018785043949 -0.1568610802838 0.00766462052792483
"CG32816" 3.24279734082905e-05 -0.213970241212532 0.000115242449802248
"CG32833" 1.11448440770218e-07 0.254741604551108 6.41828712743361e-07
"CG32982" 3.51288841632464e-06 -0.292597019892899 1.54100534825491e-05
"CG33169" 0.000153893734648112 0.225914747440293 0.000467088281107647
"CG33181" 0.00148929089480735 -0.250161190074692 0.00373320016711753
"CG33288" 1.95702263711594e-05 -0.29672501247698 7.32578807160398e-05
"CG33303" 0.00120409936230292 0.154366164170773 0.00305928412639407
"CG34033" 1.32594204836124e-08 0.39352873462351 9.19156123647944e-08
"CG34041" 1.39542833106024e-25 -1.02124580128006 8.24771587252971e-24
"CG34051" 2.33809180554186e-08 0.459928280821209 1.55365508735119e-07
"CG34120" 1.06312295362139e-11 -0.64340730260172 1.15911366690953e-10
"CG34129" 1.52793665475514e-08 0.352864289069793 1.0399229474485e-07
"CG34130" 1.59760809302717e-07 0.340735906841651 8.79467592387018e-07
"CG34256" 0.00234209018302758 0.132827325359952 0.0056320498405567
"CG34299" 0.00115022561032462 0.191183430302213 0.00293568945544216
"CG40228" 0.00025417197188528 -0.154026763677238 0.000747212367610391
"CG41378" 1.11353604485467e-08 -0.420908303681067 7.8647860274956e-08
"CG42465" 3.61366956094603e-05 0.216719435353038 0.000126422146945246
"CG42467" 2.62114991404823e-09 -0.469100585871232 2.0729234883635e-08
"CG42470" 3.299219678219e-05 -0.307026650993001 0.000116877719199998
"CG42471" 0.000115119671174765 0.305211401365924 0.000356141572256917
"CG42481" 2.1203854090276e-59 0.824108273614589 4.76238562867599e-57
"CG42682" 0.00127100384770582 -0.243417869894269 0.00320749959769357
"CG42824" 0.000429599591103991 0.196545512981592 0.00118535710272674
"CG42852" 1.05852336896771e-23 0.614957184570323 4.2454347976812e-22
"CG42866" 4.57747935984762e-05 0.210454011042782 0.000155302396408123
"CG42869" 6.12952862015197e-07 0.309479317814432 3.11468807259306e-06
"CG4297" 5.45616772280625e-06 -0.376075521976157 2.31217975574016e-05
"CG43063" 5.4012114901846e-06 0.255685434849332 2.29756079677171e-05
"CG43123" 8.5977106567367e-06 0.258985485009286 3.42384009486359e-05
"CG43147" 7.37096061874227e-57 0.735964074993994 1.37959812914126e-54
"CG43185" 0.00136272959208493 0.199835279895229 0.0034235913465579
"CG43254" 1.3931266106695e-07 -0.407312196648946 7.82240591890923e-07
"CG43307" 6.74172546450184e-06 0.294651250263074 2.77296233091719e-05
"CG43319" 1.45639699147264e-07 0.390280676497232 8.11735877330168e-07
"CG43350" 6.76573177801701e-06 0.359252548667691 2.77296233091719e-05
"CG43354" 7.51154621042491e-07 0.384226489672385 3.76583321174427e-06
"CG43362" 0.00011054198397211 0.252975370187683 0.000345059495329006
"CG43392" 1.07423922659528e-18 0.598883705636649 3.17465960912236e-17
"CG43407" 0.000625074082323112 0.177469239152243 0.00167132903440203
"CG43759" 6.1942446209254e-06 -0.28845142546993 2.58592442724878e-05
"CG44088" 1.78388465077296e-09 0.427725527348147 1.48392775023558e-08
"CG44102" 5.06363872520223e-08 -0.499060889767624 3.21269281830627e-07
"CG44139" 7.40692819177131e-08 0.306926054440726 4.54534445866622e-07
"CG44198" 1.30841167239479e-12 0.559598986368606 1.68890380241305e-11
"CG44388" 1.37935785997025e-15 0.643764051533832 2.58169812791098e-14
"CG44406" 3.22436719841891e-09 -0.424317433044898 2.49721680263754e-08
"CG44477" 4.31330642737614e-05 0.223808613861646 0.000148139171297878
"CG44574" 8.89459934381159e-06 0.279977628277643 3.52955302583054e-05
"CG45012" 0.000935006648886253 0.203807329999725 0.00243622382064794
"CG4839" 9.42886745413653e-06 -0.252450181095073 3.71530461438432e-05
"CG4896" 1.94378766767094e-09 -0.476092216134953 1.60505408146652e-08
"CG5151" 0.00444387659481154 -0.129117859046317 0.0099017329682011
"CG6071" 5.64883111901183e-07 0.33195347134269 2.89663805783118e-06
"CG6168" 8.74529885759532e-05 0.204984070666898 0.000280599160487987
"CG6700" 1.05885940841013e-06 -0.381299406141069 5.21534699844114e-06
"CG6770" 5.83486547350338e-09 -0.578245765545349 4.28271498480019e-08
"CG7630" 6.69744874237983e-06 0.224574489616616 2.76515990356344e-05
"CG9005" 8.04559654072836e-06 -0.283322894439348 3.25007371051725e-05
"CG9029" 5.12608765640981e-28 0.515508804619537 3.83773095876548e-26
"CG9336" 4.67591817245906e-14 0.592362463317638 7.3958536727768e-13
"CG9399" 0.000391675773631402 -0.173796278780534 0.0010914439051813
"CG9427" 0.00124999798137045 0.228855396461701 0.00316873077444472
"CG9702" 6.49102010946888e-05 0.209001079012709 0.000214965866454054
"CG9932" 7.5905869356896e-37 -1.28755739413715 1.06552864109743e-34
"CG9997" 0.000856708117843806 0.273642618077583 0.00225312228650725
"CHOp24" 0.00104765189516383 0.228927135217425 0.00270462776613559
"CLIP-190" 2.00293464234692e-12 -0.661561126789137 2.418597422963e-11
"CNBP" 2.23473288419316e-06 0.247543864502031 1.02852665120857e-05
"CNMaR" 0.000181950945964161 -0.172257520245035 0.000549276646015465
"COX4" 0.000284356445536565 -0.275796200734561 0.000823021361694748
"COX5B" 0.000170791646622787 0.151785200021933 0.00051697848829485
"CR33222" 5.80720575145862e-14 0.41082694889485 8.81282710660545e-13
"CR34285" 7.51702602315866e-06 -0.301300152788148 3.04751632635638e-05
"Ca-alpha1D" 2.74434850947075e-21 -0.858542812058658 9.63094805042391e-20
"CaBP1" 0.000129794115530348 0.255274066588922 0.000399339155453645
"CadN" 3.44001691010279e-05 -0.24806446810093 0.000121101535738101
"Calr" 1.56900438228588e-05 0.337860911571182 5.95267540982109e-05
"Caper" 2.33001198543671e-05 -0.306031591579095 8.60724822251786e-05
"Cf2" 0.000457505362895634 -0.154449269061827 0.00125311834763853
"Cirl" 1.44363774290193e-08 -0.326413455692415 9.88539747121257e-08
"CkIIbeta" 4.66045207898714e-09 -0.376726655889447 3.53627546263687e-08
"CrebA" 2.00465428664114e-25 -1.02008268749482 1.125613381949e-23
"Cyp1" 6.01701695258998e-05 0.218316555308459 0.000200507716253963
"Cyp49a1" 0.00402461831456008 -0.11279056298562 0.00905740754960114
"Cys" 2.4353853704705e-06 0.250727569231621 1.11176332156032e-05
"Cyt-b5" 6.0930342215323e-06 0.213301682621959 2.55316322044059e-05
"Dbp80" 8.74340814306081e-08 -0.212934916521621 5.1951573252155e-07
"Dgk" 3.13388606147147e-05 -0.217222593331121 0.00011221615455618
"Dp1" 0.00370513847566911 0.159893444885506 0.00840579900641699
"Drak" 0.00288647490023808 -0.175560932339074 0.00680989771631798
"ERp60" 0.00245348910306268 0.218868291636987 0.00588732534773373
"Eip74EF" 1.1479688788721e-06 -0.216188006072899 5.60508283031899e-06
"Eip75B" 5.4848163880901e-16 -0.66010607020549 1.14063866737503e-14
"Eip93F" 8.60867174902352e-26 -1.05424753269811 5.37085465230745e-24
"Fas1" 7.29555815489416e-06 -0.269376139571833 2.96844630722686e-05
"Fas2" 2.04773464194141e-11 -0.67184192612329 2.12926481750018e-10
"Fas3" 1.29496568149285e-07 -0.387866069773677 7.34467909250742e-07
"Fatp1" 0.00206280319900097 -0.21298782129046 0.00501412985384867
"Frl" 1.46011261995275e-07 -0.414162153822017 8.11735877330168e-07
"Gale" 0.00166439985907784 0.144474546079188 0.00412609501488833
"Gdap2" 0.000141002534257913 -0.309281148349122 0.000430287624922923
"Gmap" 5.7551642782486e-61 -1.77085662918336 1.61576237111829e-58
"Gp93" 1.33101244810686e-05 0.286291803273912 5.08410537151022e-05
"Gprk1" 1.05359072820661e-06 -0.407086844287035 5.21225721487236e-06
"Hrb98DE" 0.000240530835144559 -0.198956860562668 0.000712707461391398
"Hsc70-3" 0.000824054415318729 0.270897695504174 0.00218257808585597
"JIL-1" 0.0030737352471839 -0.155916081236616 0.00720627282377354
"Khc-73" 8.64104200458182e-05 -0.211590762998646 0.000278048428972647
"Kif3C" 3.58362691297084e-06 -0.294130383641628 1.56591946430593e-05
"KrT95D" 0.00109350673043409 -0.140347283761748 0.00280367136593033
"LRR" 1.45188541175315e-05 -0.216210266459029 5.52700785558913e-05
"MED26" 0.00320480941854017 -0.174643393091108 0.00745134777851057
"MFS17" 1.25452105310136e-18 -0.751483961411905 3.61237728880211e-17
"Marf1" 4.19396511877718e-15 -0.687371035419153 7.35909816935433e-14
"Mgat1" 6.48724389219409e-05 0.235869485272206 0.000214965866454054
"Msp300" 1.29681303531622e-18 -0.798823783433338 3.64080259665029e-17
"Mst57Da" 3.22498390457301e-85 0.98521276514151 1.81082846241774e-82
"Mst57Db" 4.58594568201139e-96 1.10186105380979 5.1500170008988e-93
"Mst57Dc" 5.04667654247354e-25 0.719641138497196 2.52012584315316e-23
"Muc14A" 4.15065194689787e-22 -0.918181808781228 1.50360714076333e-20
"Nacalpha" 2.09914854972995e-05 0.19427205154902 7.80577424286998e-05
"Nipped-B" 0.000239508564712094 -0.212563375734029 0.000711555868179053
"Not1" 1.04944990477296e-08 -0.460814146862719 7.45906482949391e-08
"Npc2a" 0.000290693268984099 0.190088942522599 0.000834906754652539
"Obp56f" 0.000706770266894256 0.27059420425325 0.00188528030812886
"Obp8a" 0.00314626112608273 0.158577822583851 0.00734563668314117
"Oda" 1.06298258844502e-20 -0.900590078229614 3.51096896124633e-19
"PNUTS" 8.42184713309519e-07 -0.353624326997578 4.20343748020707e-06
"Parp" 0.000406161393852665 -0.220435248286517 0.00112344641698656
"Pcf11" 2.85660687146413e-06 -0.325272382978509 1.28834117134707e-05
"Pde6" 2.6955775257112e-07 -0.295465690632604 1.4414921720827e-06
"Pdi" 1.51640866306063e-11 0.51223956505716 1.60653483831801e-10
"Pdp1" 1.04706109767157e-14 -0.678631348764063 1.72919060688997e-13
"Pgant5" 0.000112256118029925 -0.221420041714796 0.00034824204571162
"Pgant9" 0.00043428697496827 -0.233794245230986 0.00119535361002296
"Pitslre" 1.65550085106247e-09 -0.464568742023397 1.38740854906206e-08
"Pli" 1.11807170605651e-05 -0.307612210698986 4.34461773668324e-05
"Prosap" 5.16143316050958e-25 -1.03468540959939 2.52012584315316e-23
"Pvf1" 1.93079872214623e-06 -0.348306644555069 8.99704134842413e-06
"Pvf3" 1.03322368289486e-05 -0.27069066027557 4.04289266860949e-05
"Qsox2" 8.00740351734525e-08 0.36835802946593 4.83457749998856e-07
"Qsox3" 0.000788754408135484 0.166634351279775 0.00209402175020366
"Qsox4" 0.000395153886925542 0.164189232343841 0.0010956983086849
"RFeSP" 2.40887171642137e-06 0.240700442289424 1.10414813777192e-05
"Rack1" 8.90456725151134e-10 0.358076336522638 7.87388112082459e-09
"Rbp1" 7.90404218165995e-05 -0.215331340532049 0.000256097349774576
"Rbp1-like" 1.90962702044225e-15 -0.646804130302642 3.40398594278833e-14
"ReepB" 2.27968860793175e-09 0.338321282511342 1.85513790341113e-08
"Rgl" 4.87944480698637e-06 -0.292628661051895 2.0835043795611e-05
"RhoGAP19D" 0.00287265794103227 -0.155317144555463 0.00679156814269314
"Rm62" 0.00167466344430762 -0.25887379306582 0.00413329021529111
"RpL10" 1.97795849432319e-18 0.674859258611905 5.41767655884133e-17
"RpL10Ab" 6.6248284781207e-08 0.365823403040342 4.13028583930668e-07
"RpL11" 2.28927542076513e-08 0.347757797790022 1.53027160566621e-07
"RpL12" 2.58132652135834e-10 0.422160453365851 2.41569140290451e-09
"RpL13" 1.77970389254895e-12 0.430954604263842 2.17239942536138e-11
"RpL13A" 6.24428033892462e-18 0.637985236520629 1.63077367921218e-16
"RpL14" 4.99854430708656e-12 0.485418678071692 5.61769725293477e-11
"RpL15" 6.67942672402605e-14 0.495674415969037 9.74155352088475e-13
"RpL17" 1.11053962082697e-13 0.462910992818282 1.57865315720087e-12
"RpL18" 1.86834948365865e-16 0.511132338946549 4.11403229440915e-15
"RpL18A" 2.79390012866739e-11 0.469551912949472 2.85231804044861e-10
"RpL19" 1.14148549561226e-12 0.468171662675059 1.49056768787508e-11
"RpL21" 9.44677026889581e-09 0.375377718501441 6.84433742707742e-08
"RpL23" 7.35262335418184e-16 0.57183732583261 1.448595794166e-14
"RpL24" 3.71259297568214e-16 0.462585251895205 7.86649417300196e-15
"RpL26" 3.04416723209762e-10 0.42694897277605 2.82528909226912e-09
"RpL27" 7.47523606331775e-08 0.315361293909908 4.562331575601e-07
"RpL27A" 3.69515481506851e-10 0.52426098937634 3.40135971911634e-09
"RpL28" 2.76002598591764e-05 0.262302381616999 0.000100307740523803
"RpL29" 1.01337258361505e-08 0.324947827126556 7.24851854394711e-08
"RpL3" 1.12658884105569e-12 0.500298732988065 1.48842266883005e-11
"RpL30" 3.13765561270174e-05 0.228575313249793 0.00011221615455618
"RpL31" 3.47001001108475e-16 0.514790158741384 7.49388700470804e-15
"RpL32" 2.90906279625475e-07 0.320243916380345 1.54828318492611e-06
"RpL34a" 0.000505492279213262 0.0969776090695293 0.00137117833226206
"RpL34b" 9.33762270627429e-08 0.319544238452452 5.49013104667331e-07
"RpL35" 1.43190750850191e-08 0.356017058304583 9.86522780397327e-08
"RpL35A" 3.19368417715397e-08 0.34057038139409 2.08517868078134e-07
"RpL36" 1.26585915374528e-11 0.410062480073739 1.36688445159226e-10
"RpL36A" 4.03010811170363e-13 0.434000664974738 5.51928220663802e-12
"RpL37A" 7.1048130037819e-16 0.522403240290698 1.42476875057984e-14
"RpL37a" 6.23081944271435e-14 0.527875024817989 9.32961364555762e-13
"RpL38" 1.65663977810073e-10 0.421704521256207 1.631935500708e-09
"RpL39" 2.53799876998799e-18 0.655069263029894 6.78612528261074e-17
"RpL4" 7.60352555844124e-14 0.467659845965476 1.09471271822173e-12
"RpL40" 9.69344165421879e-10 0.445546053244473 8.50448045131851e-09
"RpL41" 6.31335492867454e-16 0.588370559363421 1.28907228816391e-14
"RpL5" 5.63092887493202e-09 0.407032988813137 4.16021916220306e-08
"RpL6" 1.83513474292653e-10 0.44177600298267 1.77660027267801e-09
"RpL7" 5.45233941221187e-13 0.487145331828836 7.37708091555895e-12
"RpL7A" 9.70394181505548e-18 0.539256417192631 2.42167259073496e-16
"RpL8" 2.2280957816233e-23 0.644815202697812 8.62810883711368e-22
"RpL9" 8.89573564575353e-08 0.309026855349884 5.25784796325327e-07
"RpLP0" 1.06540489741597e-07 0.353971902071296 6.19922124247736e-07
"RpLP1" 2.20247306690614e-17 0.648473152943633 5.37690707420781e-16
"RpLP2" 1.37126224231956e-14 0.517951834402339 2.23177898278965e-13
"RpS10b" 2.40294685940749e-09 0.36186365153047 1.94137361375152e-08
"RpS11" 3.18955045560397e-12 0.476243007763504 3.65496445065639e-11
"RpS12" 1.51763559811808e-12 0.529873904790493 1.89367197409623e-11
"RpS13" 5.00240182808082e-12 0.484336034707864 5.61769725293477e-11
"RpS14a" 9.99122423331542e-05 0.22750525318188 0.000314366289105511
"RpS15" 1.72408324415516e-15 0.503821520961603 3.12281529546168e-14
"RpS15Aa" 3.20927732672735e-09 0.324177357079931 2.49721680263754e-08
"RpS16" 2.06942156410099e-06 0.267446656700738 9.60314221688185e-06
"RpS17" 2.44077665783231e-07 0.297414754538421 1.32415081485299e-06
"RpS18" 1.46197513140814e-09 0.371622202466267 1.23627409368543e-08
"RpS19a" 4.8497786186991e-10 0.391004276665575 4.42788730796674e-09
"RpS2" 8.57473357451579e-16 0.569770160357519 1.63210606850529e-14
"RpS20" 1.0933722451062e-09 0.443923049572048 9.51827156011054e-09
"RpS21" 2.94183398618673e-11 0.430336948410784 2.97628789773666e-10
"RpS23" 4.46575059701078e-07 0.322700467501189 2.34347566375846e-06
"RpS24" 4.46521968304311e-08 0.348155532495683 2.86539525946138e-07
"RpS25" 3.65650229229651e-22 0.746895173962583 1.36875069141633e-20
"RpS26" 1.54542384312397e-08 0.333753860912091 1.04548853965555e-07
"RpS27" 1.37466369631285e-13 0.539408365746864 1.90586090241892e-12
"RpS27A" 1.24421805373968e-08 0.407861812975555 8.67861412639539e-08
"RpS28b" 1.10632219204749e-07 0.321228637036918 6.40412279210994e-07
"RpS29" 2.85469858571655e-09 0.34129294261841 2.24183672151027e-08
"RpS3" 1.01103556295639e-11 0.3549615417546 1.11313033058826e-10
"RpS30" 1.67387464811756e-10 0.30705768725125 1.63457498246611e-09
"RpS3A" 1.87080375843383e-06 0.393809635328658 8.79042937540249e-06
"RpS4" 1.139604603665e-07 0.408169102805102 6.52946923426429e-07
"RpS5a" 8.12811874633019e-08 0.357419763499697 4.881217835363e-07
"RpS6" 5.80720575145862e-14 0.41082694889485 8.81282710660545e-13
"RpS7" 2.17373649304642e-12 0.517683631439071 2.5969213635012e-11
"RpS8" 2.04011174909571e-10 0.432650746226169 1.94156397816481e-09
"RpS9" 0.000121789156626991 0.257410082876793 0.000375739623329974
"SC35" 6.07983935336409e-08 -0.269481360385272 3.81433496861892e-07
"SLC5A11" 1.44741560210836e-06 -0.27592026756592 6.95917669858896e-06
"SNF4Agamma" 0.00331756733121585 -0.226680264420252 0.00766590146698642
"SP" 5.28440677447323e-24 0.568327740811568 2.28245723374363e-22
"Samuel" 0.000253116581591166 -0.191226136156177 0.000746062785109919
"Sap47" 7.27696369744465e-07 -0.392259026880673 3.66458754808536e-06
"Scsalpha1" 1.59678181522336e-12 -0.607009760011578 1.97053404230311e-11
"Sec22" 0.00434395355617239 0.15090670833756 0.00969832970890973
"Sec61beta" 0.00020163664967785 0.205590773930046 0.000603834553568603
"Sec63" 2.72021293026205e-05 0.212305954377017 9.91817896326067e-05
"Sems" 0.00034453105578463 0.207090929710952 0.000972131597100854
"Sfp23F" 0.000904231700710831 0.235921962078486 0.00236151674394945
"Sfp26Ac" 4.42893631168599e-05 0.319268303086489 0.00015163705725681
"Sfp33A1" 2.21068069196681e-05 0.299136786531529 8.19338091445126e-05
"Sfp33A2" 0.00174323134834325 0.127385086058524 0.00429308948287164
"Sfp33A4" 4.22395740639742e-05 0.246135181459081 0.000145953974381055
"Sfp35C" 0.000851907846960337 0.254139161000657 0.00224575707074286
"Sfp53D" 1.78445865986444e-06 0.306083986391311 8.45547289041253e-06
"Sfp70A4" 6.65700567154505e-08 0.445485838234374 4.13028583930668e-07
"Sfp78E" 1.91593635152074e-06 -0.440865526355702 8.96498551149078e-06
"Sfp96F" 1.01549694612131e-43 0.785061394468622 1.62914724356318e-41
"Sin3A" 0.000307908163176785 -0.231335026193556 0.000879849534980993
"Smr" 4.31358049994711e-05 -0.292126635198403 0.000148139171297878
"Spase12" 4.01411036078085e-07 0.322338315045739 2.11635959397037e-06
"Spase22-23" 0.00407375108619753 0.196930331229803 0.00914964493959964
"Spase25" 8.54724430826622e-06 0.312060428320905 3.42384009486359e-05
"Spn28B" 0.00180342696268544 -0.242781637673483 0.00442193991068942
"Spn38F" 3.06473561447473e-05 -0.346001562664363 0.000110310836379972
"Stt3B" 5.62677432060522e-06 0.287735163271399 2.37551412106754e-05
"Sxl" 0.000295618694053139 -0.148190833631431 0.000846887228116518
"Syp" 1.46696221736372e-19 -0.83738008582521 4.57610713916515e-18
"TM9SF2" 0.000551875703305069 0.151454118603891 0.00148979907406633
"Tapdelta" 0.000266584758488912 0.224949870622187 0.000773577994271443
"Tctp" 0.0033501807304525 0.159648744735757 0.00770953475470934
"Top1" 3.25251046446614e-06 -0.239334501449061 1.44370326150019e-05
"Trf2" 3.49741380065013e-06 -0.275301817990931 1.54023360710984e-05
"Trx-2" 0.000289934380287 0.18671968293073 0.000834862330928976
"UGP" 0.00118694416455346 -0.134398392178204 0.0030225358203935
"UQCR-11" 0.000111201438685267 0.203070207209249 0.000345925805106801
"UQCR-Q" 2.57198711803343e-07 0.289748251540753 1.3886257372844e-06
"Ugt35B1" 0.000368557024653157 0.151813580461061 0.00103731713956265
"Ugt50B3" 5.05523407817472e-09 -0.543398902787816 3.7846852465268e-08
"Wdr62" 0.00374846601747332 -0.186778150556661 0.00848695027746479
"Xe7" 0.00311717941345474 -0.128227422554944 0.00729290100272849
"Xrp1" 0.00106153289029332 -0.197621849159965 0.00272792090571945
"alpha-Man-Ia" 0.000288713803558441 -0.242426969506248 0.000833484836493905
"aop" 0.00219280000314197 -0.209127683608422 0.00529572990006115
"aqrs" 5.38493526270337e-08 0.429588763189249 3.3973496067505e-07
"aqz" 1.05757803826803e-12 -0.624099244613011 1.41388111544642e-11
"asRNA:CR43474" 3.76006483645942e-06 0.263940050668676 1.63032927078916e-05
"asRNA:CR45343" 0.000227910374683119 0.182594967528955 0.000678894829626373
"asRNA:CR45800" 0.000144656225578489 0.205153387635707 0.000440241033400116
"asRNA:CR45882" 0.0013542815078609 0.21893634453705 0.0034099958146363
"asRNA:CR45999" 0.00208774813766381 -0.152461253185598 0.00506380379826448
"awd" 0.00334088803349426 0.187778281148182 0.00770393688216438
"bai" 9.24300428723888e-05 0.252059128740911 0.00029404798341556
"beat-IIIc" 1.72554051160745e-07 -0.374610179612049 9.4525950952935e-07
"beat-Ic" 1.00364689126207e-05 -0.213112287491691 3.94089321289269e-05
"betaTub56D" 0.000963132436097838 0.133963434204127 0.00250369843920804
"bip2" 0.00303447797992011 -0.152714018759311 0.00714406451037796
"bru1" 0.000391562085666387 -0.103862258791507 0.0010914439051813
"bru2" 0.00350245486488031 -0.227461766610256 0.00796205832643844
"bun" 1.68961572521812e-06 -0.352178011588953 8.03999347211842e-06
"caps" 0.000186586772274913 -0.225576101687631 0.000561761247358518
"cass" 4.68919556825303e-05 -0.208743929461066 0.000158613452504463
"cdc14" 0.000462484876620396 -0.247402062571398 0.0012636752224932
"cdi" 5.30058586561198e-15 -0.681496501863353 9.15778142628039e-14
"cg" 2.81347876656127e-05 -0.197265671229343 0.000101920537253171
"conu" 1.30205777891824e-07 -0.31047166666736 7.34779339560394e-07
"csw" 1.71740544426023e-05 -0.343535670852736 6.47196749632294e-05
"cype" 4.93164068860401e-07 0.273033033969539 2.56399652467699e-06
"dpr18" 9.13278505880213e-05 -0.163528887339993 0.000291814945927726
"eEF1alpha1" 2.64526857395414e-11 0.574425839896609 2.72535468674358e-10
"eEF1beta" 5.85104432307035e-07 0.233486797305948 2.98669217036728e-06
"eEF1delta" 6.59439592336268e-06 0.213040766700068 2.74278023034677e-05
"eEF1gamma" 3.15832364486198e-05 0.217731968953488 0.000112596744545397
"eEF2" 3.61001504605749e-21 0.825069819909683 1.2284990596129e-19
"eEF5" 2.00927312439136e-11 0.378584033023888 2.10879786793598e-10
"eIF3m" 4.79393069295283e-05 0.220894327423708 0.000161669194239821
"eIF4A" 1.45008668519129e-06 0.343398378707324 6.95917669858896e-06
"eas" 3.57713524072615e-17 -0.674493674310369 8.36900599028221e-16
"ed" 0.00195060784047803 -0.230696398639797 0.00477240218923055
"edl" 0.00176642329367397 -0.173692660179378 0.00434068568664303
"egh" 0.000106304138002925 -0.242515720902964 0.000333462421724258
"elB" 1.23196157634885e-06 -0.403741399645225 5.98914653783447e-06
"fl(2)d" 0.00204643518216789 -0.177056765608004 0.00498513386024847
"flw" 0.000393049008849188 -0.277135566608741 0.00109255949737039
"fs(1)h" 0.00327957976277682 -0.20657411732437 0.00760943816859168
"h" 4.76454433665431e-08 -0.508517688278912 3.04010414208113e-07
"hebe" 8.76471456248349e-09 -0.371877915113325 6.39141198290192e-08
"hfp" 9.54187205066195e-07 -0.326394256767749 4.7413815543776e-06
"ics" 0.00161257395037604 -0.118957719434013 0.00400646138555816
"jbug" 6.50831652665882e-05 -0.218202434416895 0.000214965866454054
"jvl" 1.17331041437263e-08 -0.438492621624403 8.23517247087788e-08
"kek1" 0.000309125865834885 -0.243114977086124 0.000881087175971005
"kek5" 7.45979769858595e-05 -0.212687959574115 0.000242821820739479
"kmr" 0.00339879782979357 -0.133908707768504 0.00780541914694924
"kuz" 7.21605676868379e-28 -1.05235472406642 4.766842206607e-26
"l(3)80Fg" 8.40286101058986e-08 -0.349820680402534 5.01936857175128e-07
"l(3)80Fj" 0.00087279360444109 -0.212027026721069 0.00229006359296108
"lbk" 0.00160315485965262 -0.209344827112082 0.00399189114720596
"lectin-29Ca" 7.56249208669141e-11 0.565332612344082 7.51564479057916e-10
"lectin-30A" 1.00597031327355e-07 0.466315026090753 5.88387844690727e-07
"lilli" 0.000474696441796718 -0.227806041376171 0.00129076054270633
"lncRNA:CR31044" 2.41547947396641e-05 -0.229078282974978 8.89371622709599e-05
"lncRNA:CR42862" 0.00026645707074967 -0.265037662604842 0.000773577994271443
"lncRNA:CR43104" 3.1034857574675e-28 -0.964801035399663 2.48943893259715e-26
"lncRNA:CR43146" 6.86409784239418e-28 -1.21729837612288 4.766842206607e-26
"lncRNA:CR43239" 5.7950343693187e-05 0.345721586785471 0.000193685226093598
"lncRNA:CR43314" 6.94169773322053e-10 -0.5007453312927 6.18692583683068e-09
"lncRNA:CR43334" 0.000314222936293926 -0.264145297102712 0.000893347740400201
"lncRNA:CR43404" 0.00345767871989736 0.101047209035554 0.00789222195618849
"lncRNA:CR43412" 3.90895651326589e-05 0.171080063896258 0.000135905825523145
"lncRNA:CR43612" 1.23871542906155e-05 -0.337320494135127 4.76396379053464e-05
"lncRNA:CR43633" 4.91762271114661e-10 0.433042887228378 4.45362121340132e-09
"lncRNA:CR43654" 7.91324847477986e-05 -0.279572680863495 0.000256097349774576
"lncRNA:CR43660" 5.69896976773603e-06 -0.277110017233457 2.39698241541856e-05
"lncRNA:CR43714" 0.00344959218250335 -0.0988601851108297 0.00788980045000257
"lncRNA:CR43805" 0.000451090528500109 0.192780959054835 0.00123856885942695
"lncRNA:CR44234" 6.66982380925171e-14 -0.620471791089968 9.74155352088475e-13
"lncRNA:CR44389" 7.01225272496683e-35 0.879581458662034 7.15887255467068e-33
"lncRNA:CR44480" 4.87092993459176e-09 0.444689373730271 3.6711773936554e-08
"lncRNA:CR44481" 0.00021487606923031 -0.241728213031161 0.000641770813153293
"lncRNA:CR44501" 1.16165292110769e-05 -0.314300478322535 4.48294237252211e-05
"lncRNA:CR44546" 1.90126660606529e-10 0.554894694155524 1.82489093898404e-09
"lncRNA:CR44576" 0.00058502834516024 -0.209419328377366 0.00156798766495215
"lncRNA:CR44577" 2.47222669112149e-09 0.380505447537612 1.98307898152102e-08
"lncRNA:CR44696" 9.80033653997071e-05 -0.247928431601514 0.000310021913644707
"lncRNA:CR44711" 0.000983108065644382 -0.180911088536135 0.00254384875050378
"lncRNA:CR44761" 2.2682017812042e-12 0.376267312084143 2.65332354197116e-11
"lncRNA:CR44779" 0.000316213440672675 -0.195210025409756 0.00089673660069549
"lncRNA:CR44805" 1.63858815495209e-05 0.274960766678067 6.19573905054276e-05
"lncRNA:CR44821" 6.69152353905097e-06 0.224503325717639 2.76515990356344e-05
"lncRNA:CR44833" 1.41901668280145e-09 -0.541588056388133 1.21645475937865e-08
"lncRNA:CR44999" 0.00260649982359734 -0.099103341046006 0.00620148157182163
"lncRNA:CR45054" 7.85314738827412e-08 -0.361635641016648 4.7670727119091e-07
"lncRNA:CR45097" 0.00196261797977536 -0.116961654403298 0.00479134780714725
"lncRNA:CR45113" 0.000972485596477191 0.0752270600664852 0.00252217396037849
"lncRNA:CR45114" 1.01190076498456e-16 -0.635933955896307 2.27272911815532e-15
"lncRNA:CR45363" 1.46415364612789e-09 -0.385526872812862 1.23627409368543e-08
"lncRNA:Hsromega" 7.18403869495995e-20 -0.764499940351887 2.30505012984001e-18
"lncRNA:TS14" 7.58333224973302e-15 -0.630802266769479 1.271057032306e-13
"lncRNA:roX1" 6.43128260830648e-63 -1.60210500104092 2.40744345637606e-60
"lncRNA:sphinx" 3.68093845886977e-05 -0.168621767572819 0.000128375586624558
"lola" 2.83684239267153e-12 -0.636502158224411 3.2843030999692e-11
"lqf" 1.46045235683754e-06 -0.302431348040443 6.97909785841938e-06
"luna" 1.85499574986893e-05 -0.355709431816366 6.96709106054449e-05
"lute" 0.00166841210243749 -0.225247971902464 0.00412693125779142
"mamo" 1.30917552787472e-06 -0.40915550897771 6.33708671466947e-06
"mbl" 2.38465294871047e-25 -1.01404673912344 1.2752215530485e-23
"mei-P26" 0.000136625450764115 -0.19519808234888 0.000419208691825412
"mfas" 1.35159545204044e-11 -0.711955495978248 1.44556351680134e-10
"mgl" 1.69648207092324e-15 -0.862164262796905 3.12281529546168e-14
"mld" 0.000139946247335482 -0.236959787311952 0.000428227890348081
"msopa" 3.50132727708694e-07 0.450616227847167 1.85471251517389e-06
"mt:CoI" 4.58613899371713e-17 0.585690191979983 1.05106818162129e-15
"mt:CoII" 8.59754399067417e-06 0.244433152488166 3.42384009486359e-05
"mt:CoIII" 2.76528690579687e-14 0.407409590967837 4.43631027887126e-13
"mt:Cyt-b" 2.48082872775814e-10 0.3347119550774 2.34115181619529e-09
"mtd" 4.57591093863882e-05 -0.32290467555316 0.000155302396408123
"mtgo" 1.98587170902719e-34 -1.3164817436236 1.85844494103128e-32
"nkd" 0.00380168180343167 -0.210004267950034 0.00859011803873997
"nmo" 0.00111794501431263 -0.151019364301292 0.0028598001163396
"nompB" 2.64709618728528e-07 -0.373242119962188 1.42233924321597e-06
"ogre" 2.20424870591977e-06 -0.310815600379685 1.01867131553412e-05
"pAbp" 9.49005627360624e-12 0.540244936270389 1.05518150448117e-10
"par-1" 2.85537005853599e-08 -0.458860140526187 1.88622386807995e-07
"pix" 1.21016079459919e-09 0.317177918587686 1.04539274794992e-08
"plum" 0.00126774549184912 -0.229650916476026 0.0032064824039337
"ppk22" 0.00247426474199101 0.191237078576093 0.00592451877453284
"ps" 5.13731576889767e-14 -0.646855105729909 8.01278556732234e-13
"psq" 1.36930008590543e-12 -0.488666406439201 1.72777977131662e-11
"pum" 3.95347246827478e-05 -0.256920835519133 0.000137029308082487
"pyr" 0.000248857153182728 -0.195325488264398 0.000735438376379483
"qkr58E-1" 1.16882264001912e-07 -0.385363225583805 6.66288235909379e-07
"rdx" 4.09856777817008e-06 -0.352700171423676 1.75675252476527e-05
"regucalcin" 3.79116471594006e-06 0.364120675671584 1.63749152923104e-05
"retn" 7.06820805585866e-07 -0.328694471626477 3.57549443546364e-06
"rols" 3.30855153862392e-06 -0.332959174529385 1.46279660546246e-05
"rudhira" 0.000391193414149465 -0.198394163535417 0.0010914439051813
"sbb" 4.52186415201919e-05 -0.315184583601756 0.00015434812895798
"sbr" 0.00105796583358967 -0.161068045446343 0.00272498997963577
"scrib" 0.000254957223267058 -0.258569687217686 0.00074756386874388
"scyl" 6.58530521432271e-15 -0.709726992102243 1.12049965995218e-13
"sd" 3.74510283563578e-08 -0.414940377545632 2.41709797955114e-07
"sdk" 2.5611256584885e-05 -0.224693139231247 9.39916377281892e-05
"shep" 2.54787366092194e-06 -0.390212577421954 1.15373472629651e-05
"shot" 8.26715266248844e-05 -0.277051950357704 0.000266781966665934
"sick" 2.99802049719403e-06 -0.32213300382572 1.34134542563701e-05
"slpr" 0.000255802373245916 -0.101323225954074 0.000748088711341573
"sm" 1.01850480432201e-18 -0.837139887020021 3.09129971690167e-17
"sphinx2" 2.2591732546209e-09 0.287369548267718 1.85186245616005e-08
"spri" 0.00218328908679225 -0.183701887776387 0.0052841242337666
"sqd" 0.00424927793916237 -0.21677521830221 0.00950585483203057
"ssp7" 1.47936563083153e-07 0.387971995390471 8.18387981982172e-07
"sta" 5.40198607229085e-09 0.43880950664421 4.01750354912756e-08
"syd" 2.21882046433697e-12 -0.490173238139814 2.62287934889518e-11
"tai" 8.21554260767502e-36 -1.35482858332636 1.02511714982434e-33
"tay" 3.06856450104102e-06 -0.295427558361584 1.36745949788455e-05
"tna" 3.04557232055551e-05 -0.208929090131303 0.00010997355999948
"twi" 0.000110615688618381 -0.205609181912705 0.000345059495329006
"twr" 0.00032265075815359 0.261836738510797 0.000912687157195167
"uex" 1.8534262555649e-06 -0.365944059898123 8.74536842436717e-06
"wbl" 0.00269012568393343 0.188488748544486 0.00638691573585042
"yin" 6.32343749180091e-10 -0.483159128476727 5.68097624263393e-09
"zetaCOP" 0.000841096870147815 0.193279068504411 0.0022224747886494
